Client name;Delivery date;Pickup date;Quantity;EFZ;Commitment level;Material
Bosch Budweis;22.05.25;20.05.25;0;213357;Fix;1582875601
Bosch Budweis;27.05.25;23.05.25;0;213357;Fertigung;1582875601
Bosch Budweis;29.05.25;26.05.25;0;213357;Fertigung;1582875601
Bosch Budweis;05.06.25;03.06.25;0;213357;Fertigung;1582875601
Bosch Budweis;10.06.25;05.06.25;2500;215857;Fertigung;1582875601
Bosch Budweis;12.06.25;10.06.25;15000;230857;Fertigung;1582875601
Bosch Budweis;17.06.25;13.06.25;2500;233357;Fertigung;1582875601
Bosch Budweis;19.06.25;16.06.25;5000;238357;Fertigung;1582875601
Bosch Budweis;24.06.25;21.06.25;5000;243357;Material;1582875601
Bosch Budweis;26.06.25;23.06.25;5000;248357;Material;1582875601
Bosch Budweis;01.07.25;28.06.25;5000;253357;Material;1582875601
Bosch Budweis;03.07.25;30.06.25;10000;263357;Material;1582875601
Bosch Budweis;08.07.25;05.07.25;5000;268357;Material;1582875601
Bosch Budweis;22.07.25;19.07.25;2500;270857;Vorschau;1582875601
Bosch Budweis;24.07.25;21.07.25;10000;280857;Vorschau;1582875601
Bosch Budweis;29.07.25;26.07.25;5000;285857;Vorschau;1582875601
Bosch Budweis;31.07.25;28.07.25;10000;295857;Vorschau;1582875601
Bosch Budweis;05.08.25;02.08.25;2500;298357;Vorschau;1582875601
Bosch Budweis;07.08.25;04.08.25;7500;305857;Vorschau;1582875601
Bosch Budweis;12.08.25;09.08.25;0;305857;Vorschau;1582875601
Bosch Budweis;14.08.25;11.08.25;7500;313357;Vorschau;1582875601
Bosch Budweis;19.08.25;16.08.25;2500;315857;Vorschau;1582875601
Bosch Budweis;21.08.25;18.08.25;2500;318357;Vorschau;1582875601
Bosch Budweis;26.08.25;23.08.25;2500;320857;Vorschau;1582875601
Bosch Budweis;28.08.25;25.08.25;0;320857;Vorschau;1582875601
Bosch Budweis;02.09.25;30.08.25;2500;323357;Vorschau;1582875601
Bosch Budweis;04.09.25;01.09.25;2500;325857;Vorschau;1582875601
Bosch Budweis;09.09.25;06.09.25;2500;328357;Vorschau;1582875601
Bosch Budweis;11.09.25;08.09.25;5000;333357;Vorschau;1582875601
Bosch Budweis;16.09.25;13.09.25;2500;335857;Vorschau;1582875601
Bosch Budweis;18.09.25;15.09.25;5000;340857;Vorschau;1582875601
Bosch Budweis;23.09.25;20.09.25;10000;350857;Vorschau;1582875601
Bosch Budweis;25.09.25;22.09.25;5000;355857;Vorschau;1582875601
Bosch Budweis;30.09.25;27.09.25;2500;358357;Vorschau;1582875601
Bosch Budweis;02.10.25;29.09.25;5000;363357;Vorschau;1582875601
Bosch Budweis;07.10.25;04.10.25;2500;365857;Vorschau;1582875601
Bosch Budweis;09.10.25;06.10.25;2500;368357;Vorschau;1582875601
Bosch Budweis;14.10.25;11.10.25;5000;373357;Vorschau;1582875601
Bosch Budweis;16.10.25;13.10.25;2500;375857;Vorschau;1582875601
Bosch Budweis;21.10.25;18.10.25;10000;385857;Vorschau;1582875601
Bosch Budweis;23.10.25;20.10.25;2500;388357;Vorschau;1582875601
Bosch Budweis;27.10.25;24.10.25;5000;393357;Vorschau;1582875601
Bosch Budweis;30.10.25;27.10.25;2500;395857;Vorschau;1582875601
Bosch Budweis;04.11.25;01.11.25;7500;403357;Vorschau;1582875601
Bosch Budweis;06.11.25;03.11.25;2500;405857;Vorschau;1582875601
Bosch Budweis;11.11.25;08.11.25;5000;410857;Vorschau;1582875601
Bosch Budweis;13.11.25;10.11.25;5000;415857;Vorschau;1582875601
Bosch Budweis;18.11.25;15.11.25;7500;423357;Vorschau;1582875601
Bosch Budweis;20.11.25;17.11.25;5000;428357;Vorschau;1582875601
Bosch Budweis;25.11.25;22.11.25;0;428357;Vorschau;1582875601
Bosch Budweis;27.11.25;24.11.25;2500;430857;Vorschau;1582875601
Bosch Budweis;02.12.25;29.11.25;2500;433357;Vorschau;1582875601
Bosch Budweis;04.12.25;01.12.25;5000;438357;Vorschau;1582875601
Bosch Budweis;09.12.25;06.12.25;2500;440857;Vorschau;1582875601
Bosch Budweis;11.12.25;08.12.25;7500;448357;Vorschau;1582875601
Bosch Budweis;16.12.25;13.12.25;2500;450857;Vorschau;1582875601
Bosch Budweis;18.12.25;15.12.25;12500;463357;Vorschau;1582875601
Bosch Budweis;23.12.25;20.12.25;2500;465857;Vorschau;1582875601
Bosch Budweis;30.12.25;27.12.25;2500;468357;Vorschau;1582875601
Bosch Budweis;31.12.25;28.12.25;5000;473357;Vorschau;1582875601
Bosch Budweis;06.01.26;03.01.26;2500;475857;Vorschau;1582875601
Bosch Budweis;08.01.26;05.01.26;5000;480857;Vorschau;1582875601
Bosch Budweis;13.01.26;10.01.26;2500;483357;Vorschau;1582875601
Bosch Budweis;15.01.26;12.01.26;5000;488357;Vorschau;1582875601
Bosch Budweis;20.01.26;17.01.26;12500;500857;Vorschau;1582875601
Bosch Budweis;22.01.26;19.01.26;2500;503357;Vorschau;1582875601
Bosch Budweis;27.01.26;24.01.26;5000;508357;Vorschau;1582875601
Bosch Budweis;29.01.26;26.01.26;2500;510857;Vorschau;1582875601
Bosch Budweis;03.02.26;31.01.26;2500;513357;Vorschau;1582875601
Bosch Budweis;05.02.26;02.02.26;5000;518357;Vorschau;1582875601
Bosch Budweis;10.02.26;07.02.26;2500;520857;Vorschau;1582875601
Bosch Budweis;12.02.26;09.02.26;5000;525857;Vorschau;1582875601
Bosch Budweis;17.02.26;14.02.26;0;525857;Vorschau;1582875601
Bosch Budweis;19.02.26;16.02.26;17500;543357;Vorschau;1582875601
Bosch Budweis;24.02.26;21.02.26;2500;545857;Vorschau;1582875601
Bosch Budweis;26.02.26;23.02.26;5000;550857;Vorschau;1582875601
Bosch Budweis;03.03.26;28.02.26;2500;553357;Vorschau;1582875601
Bosch Budweis;05.03.26;02.03.26;5000;558357;Vorschau;1582875601
Bosch Budweis;10.03.26;07.03.26;2500;560857;Vorschau;1582875601
Bosch Budweis;12.03.26;09.03.26;2500;563357;Vorschau;1582875601
Bosch Budweis;17.03.26;14.03.26;2500;565857;Vorschau;1582875601
Bosch Budweis;19.03.26;16.03.26;20000;585857;Vorschau;1582875601
Bosch Budweis;24.03.26;21.03.26;0;585857;Vorschau;1582875601
Bosch Budweis;26.03.26;23.03.26;7500;593357;Vorschau;1582875601
Bosch Budweis;02.04.26;30.03.26;2500;595857;Vorschau;1582875601
Bosch Budweis;07.04.26;04.04.26;2500;598357;Vorschau;1582875601
Bosch Budweis;09.04.26;06.04.26;5000;603357;Vorschau;1582875601
Bosch Budweis;14.04.26;11.04.26;2500;605857;Vorschau;1582875601
Bosch Budweis;16.04.26;13.04.26;15000;620857;Vorschau;1582875601
Bosch Budweis;23.04.26;20.04.26;5000;625857;Vorschau;1582875601
Bosch Budweis;28.04.26;25.04.26;2500;628357;Vorschau;1582875601
Bosch Budweis;30.04.26;27.04.26;2500;630857;Vorschau;1582875601
Bosch Budweis;07.05.26;04.05.26;2500;633357;Vorschau;1582875601
Bosch Budweis;12.05.26;09.05.26;2500;635857;Vorschau;1582875601
Bosch Budweis;14.05.26;11.05.26;2500;638357;Vorschau;1582875601
Bosch Budweis;19.05.26;16.05.26;5000;643357;Vorschau;1582875601
Bosch Budweis;21.05.26;18.05.26;12500;655857;Vorschau;1582875601
Bosch Budweis;26.05.26;23.05.26;2500;658357;Vorschau;1582875601
Bosch Budweis;28.05.26;25.05.26;2500;660857;Vorschau;1582875601
Bosch Budweis;02.06.26;30.05.26;2500;663357;Vorschau;1582875601
Bosch Budweis;04.06.26;01.06.26;5000;668357;Vorschau;1582875601
Bosch Budweis;09.06.26;06.06.26;2500;670857;Vorschau;1582875601
Bosch Budweis;11.06.26;08.06.26;2500;673357;Vorschau;1582875601
Bosch Budweis;16.06.26;13.06.26;2500;675857;Vorschau;1582875601
Bosch Budweis;23.06.26;20.06.26;15000;690857;Vorschau;1582875601
Bosch Budweis;25.06.26;22.06.26;0;690857;Vorschau;1582875601
Bosch Budweis;30.06.26;27.06.26;5000;695857;Vorschau;1582875601
Bosch Budweis;02.07.26;29.06.26;2500;698357;Vorschau;1582875601
Bosch Budweis;07.07.26;04.07.26;0;698357;Vorschau;1582875601
Bosch Budweis;09.07.26;06.07.26;5000;703357;Vorschau;1582875601
Bosch Budweis;14.07.26;11.07.26;2500;705857;Vorschau;1582875601
Bosch Budweis;16.07.26;13.07.26;2500;708357;Vorschau;1582875601
Bosch Budweis;21.07.26;18.07.26;17500;725857;Vorschau;1582875601
Bosch Budweis;23.07.26;20.07.26;2500;728357;Vorschau;1582875601
Bosch Budweis;28.07.26;25.07.26;2500;730857;Vorschau;1582875601
Bosch Budweis;30.07.26;27.07.26;5000;735857;Vorschau;1582875601
Bosch Budweis;04.08.26;01.08.26;0;735857;Vorschau;1582875601
Bosch Budweis;06.08.26;03.08.26;2500;738357;Vorschau;1582875601
Bosch Budweis;11.08.26;08.08.26;2500;740857;Vorschau;1582875601
Bosch Budweis;13.08.26;10.08.26;5000;745857;Vorschau;1582875601
Bosch Budweis;20.08.26;17.08.26;7500;753357;Vorschau;1582875601
Bosch Budweis;25.08.26;22.08.26;10000;763357;Vorschau;1582875601
Bosch Budweis;27.08.26;24.08.26;2500;765857;Vorschau;1582875601
Bosch Budweis;01.09.26;29.08.26;2500;768357;Vorschau;1582875601
Bosch Budweis;03.09.26;31.08.26;2500;770857;Vorschau;1582875601
Bosch Budweis;08.09.26;05.09.26;2500;773357;Vorschau;1582875601
Bosch Budweis;10.09.26;07.09.26;2500;775857;Vorschau;1582875601
Bosch Budweis;15.09.26;12.09.26;2500;778357;Vorschau;1582875601
Bosch Budweis;17.09.26;14.09.26;5000;783357;Vorschau;1582875601
Bosch Budweis;22.09.26;19.09.26;12500;795857;Vorschau;1582875601
Bosch Budweis;24.09.26;21.09.26;2500;798357;Vorschau;1582875601
Bosch Budweis;29.09.26;26.09.26;5000;803357;Vorschau;1582875601
Bosch Budweis;01.10.26;28.09.26;2500;805857;Vorschau;1582875601
Bosch Budweis;06.10.26;03.10.26;2500;808357;Vorschau;1582875601
Bosch Budweis;08.10.26;05.10.26;2500;810857;Vorschau;1582875601
Bosch Budweis;13.10.26;10.10.26;2500;813357;Vorschau;1582875601
Bosch Budweis;15.10.26;12.10.26;2500;815857;Vorschau;1582875601
Bosch Budweis;20.10.26;17.10.26;15000;830857;Vorschau;1582875601
Bosch Budweis;22.10.26;19.10.26;2500;833357;Vorschau;1582875601
Bosch Budweis;27.10.26;24.10.26;5000;838357;Vorschau;1582875601
Bosch Budweis;03.11.26;31.10.26;2500;840857;Vorschau;1582875601
Bosch Budweis;05.11.26;02.11.26;5000;845857;Vorschau;1582875601
Bosch Budweis;10.11.26;07.11.26;2500;848357;Vorschau;1582875601
Bosch Budweis;12.11.26;09.11.26;2500;850857;Vorschau;1582875601
Bosch Budweis;16.11.26;13.11.26;2500;853357;Vorschau;1582875601
Bosch Budweis;19.11.26;16.11.26;10000;863357;Vorschau;1582875601
Bosch Budweis;24.11.26;21.11.26;12500;875857;Vorschau;1582875601
Bosch Budweis;01.12.26;28.11.26;2500;878357;Vorschau;1582875601
Bosch Budweis;03.12.26;30.11.26;2500;880857;Vorschau;1582875601
Bosch Budweis;08.12.26;05.12.26;2500;883357;Vorschau;1582875601
Bosch Budweis;10.12.26;07.12.26;5000;888357;Vorschau;1582875601
Bosch Budweis;15.12.26;12.12.26;2500;890857;Vorschau;1582875601
Bosch Budweis;17.12.26;14.12.26;15000;905857;Vorschau;1582875601
Bosch Budweis;29.12.26;26.12.26;5000;910857;Vorschau;1582875601
Bosch Budweis;31.12.26;28.12.26;27500;938357;Vorschau;1582875601
Bosch Budweis;05.01.27;02.01.27;32500;970857;Vorschau;1582875601
Bosch Budweis;07.01.27;04.01.27;2500;973357;Vorschau;1582875601
Bosch Budweis;12.01.27;09.01.27;2500;975857;Vorschau;1582875601
Bosch Budweis;14.01.27;11.01.27;2500;978357;Vorschau;1582875601
Bosch Budweis;19.01.27;16.01.27;12500;990857;Vorschau;1582875601
Bosch Budweis;21.01.27;18.01.27;2500;993357;Vorschau;1582875601
Bosch Budweis;26.01.27;23.01.27;2500;995857;Vorschau;1582875601
Bosch Budweis;28.01.27;25.01.27;2500;998357;Vorschau;1582875601
Bosch Budweis;02.02.27;30.01.27;5000;1003357;Vorschau;1582875601
Bosch Budweis;04.02.27;01.02.27;2500;1005857;Vorschau;1582875601
Bosch Budweis;09.02.27;06.02.27;2500;1008357;Vorschau;1582875601
Bosch Budweis;11.02.27;08.02.27;2500;1010857;Vorschau;1582875601
Bosch Budweis;16.02.27;13.02.27;5000;1015857;Vorschau;1582875601
Bosch Budweis;18.02.27;15.02.27;7500;1023357;Vorschau;1582875601
Bosch Budweis;23.02.27;20.02.27;2500;1025857;Vorschau;1582875601
Bosch Budweis;25.02.27;22.02.27;7500;1033357;Vorschau;1582875601
Bosch Budweis;04.03.27;01.03.27;2500;1035857;Vorschau;1582875601
Bosch Budweis;09.03.27;06.03.27;2500;1038357;Vorschau;1582875601
Bosch Budweis;11.03.27;08.03.27;7500;1045857;Vorschau;1582875601
Bosch Budweis;18.03.27;15.03.27;12500;1058357;Vorschau;1582875601
Bosch Budweis;25.03.27;22.03.27;2500;1060857;Vorschau;1582875601
Bosch Budweis;30.03.27;27.03.27;5000;1065857;Vorschau;1582875601
Bosch Budweis;06.04.27;03.04.27;5000;1070857;Vorschau;1582875601
Bosch Budweis;08.04.27;05.04.27;2500;1073357;Vorschau;1582875601
Bosch Budweis;13.04.27;10.04.27;2500;1075857;Vorschau;1582875601
Bosch Budweis;15.04.27;12.04.27;2500;1078357;Vorschau;1582875601
Bosch Budweis;20.04.27;17.04.27;7500;1085857;Vorschau;1582875601
Bosch Budweis;22.04.27;19.04.27;2500;1088357;Vorschau;1582875601
Bosch Budweis;29.04.27;26.04.27;2500;1090857;Vorschau;1582875601
Bosch Budweis;06.05.27;03.05.27;2500;1093357;Vorschau;1582875601
Bosch Budweis;13.05.27;10.05.27;2500;1095857;Vorschau;1582875601
Bosch Budweis;20.05.27;17.05.27;0;1095857;Vorschau;1582875601
Bosch Budweis;25.05.27;22.05.27;2500;1098357;Vorschau;1582875601
Bosch Budweis;03.06.27;31.05.27;2500;1100857;Vorschau;1582875601
Bosch Budweis;17.06.27;14.06.27;303;1101160;Vorschau;1582875601
Bosch Budweis;22.07.27;19.07.27;0;1101160;Vorschau;1582875601
Bosch Budweis;24.08.27;21.08.27;0;1101160;Vorschau;1582875601
Bosch Budweis;21.09.27;18.09.27;0;1101160;Vorschau;1582875601
Bosch Budweis;19.10.27;16.10.27;0;1101160;Vorschau;1582875601
Bosch Budweis;23.11.27;20.11.27;0;1101160;Vorschau;1582875601
