Client name;Client Material No;AVO Material No;Material Description;Date from;Date until;Quantity;Unit;Cum. quantity
Nidec Poland;503-660-99-99;1027700;CARBON BRUSH;30.04.2025;;120660.00;PCE;8192053.00
Nidec Poland;503-660-99-99;1027700;CARBON BRUSH;16.06.2025;;10000.00;PCE;8202053.00
Nidec Poland;503-660-99-99;1027700;CARBON BRUSH;23.06.2025;;40000.00;PCE;8242053.00
Nidec Poland;503-660-99-99;1027700;CARBON BRUSH;30.06.2025;;40000.00;PCE;8282053.00
Nidec Poland;503-660-99-99;1027700;CARBON BRUSH;07.07.2025;;35000.00;PCE;8317053.00
Nidec Poland;503-660-99-99;1027700;CARBON BRUSH;14.07.2025;;40000.00;PCE;8357053.00
Nidec Poland;503-660-99-99;1027700;CARBON BRUSH;21.07.2025;;35000.00;PCE;8392053.00
Nidec Poland;503-660-99-99;1027700;CARBON BRUSH;28.07.2025;;15000.00;PCE;8407053.00
Nidec Poland;503-660-99-99;1027700;CARBON BRUSH;11.08.2025;;25000.00;PCE;8432053.00
Nidec Poland;503-660-99-99;1027700;CARBON BRUSH;18.08.2025;;35000.00;PCE;8467053.00
Nidec Poland;503-660-99-99;1027700;CARBON BRUSH;25.08.2025;;25000.00;PCE;8492053.00
Nidec Poland;503-660-99-99;1027700;CARBON BRUSH;01.09.2025;;30000.00;PCE;8522053.00
Nidec Poland;503-660-99-99;1027700;CARBON BRUSH;08.09.2025;;35000.00;PCE;8557053.00
Nidec Poland;503-660-99-99;1027700;CARBON BRUSH;15.09.2025;;30000.00;PCE;8587053.00
Nidec Poland;503-660-99-99;1027700;CARBON BRUSH;22.09.2025;;30000.00;PCE;8617053.00
Nidec Poland;503-660-99-99;1027700;CARBON BRUSH;29.09.2025;;25000.00;PCE;8642053.00
Nidec Poland;503-660-99-99;1027700;CARBON BRUSH;06.10.2025;;30000.00;PCE;8672053.00
Nidec Poland;503-660-99-99;1027700;CARBON BRUSH;13.10.2025;;30000.00;PCE;8702053.00
Nidec Poland;503-660-99-99;1027700;CARBON BRUSH;20.10.2025;;35000.00;PCE;8737053.00
Nidec Poland;503-660-99-99;1027700;CARBON BRUSH;27.10.2025;;30000.00;PCE;8767053.00
Nidec Poland;503-660-99-99;1027700;CARBON BRUSH;03.11.2025;;35000.00;PCE;8802053.00
Nidec Poland;503-660-99-99;1027700;CARBON BRUSH;10.11.2025;;35000.00;PCE;8837053.00
Nidec Poland;503-660-99-99;1027700;CARBON BRUSH;17.11.2025;;30000.00;PCE;8867053.00
Nidec Poland;503-660-99-99;1027700;CARBON BRUSH;24.11.2025;;30000.00;PCE;8897053.00
Nidec Poland;503-660-99-99;1027700;CARBON BRUSH;01.12.2025;;35000.00;PCE;8932053.00
Nidec Poland;503-660-99-99;1027700;CARBON BRUSH;08.12.2025;;15000.00;PCE;8947053.00
Nidec Poland;503-660-99-99;1027700;CARBON BRUSH;15.12.2025;;55000.00;PCE;9002053.00
Nidec Poland;503-660-99-99;1027700;CARBON BRUSH;29.12.2025;;25000.00;PCE;9027053.00
Nidec Poland;503-660-99-99;1027700;CARBON BRUSH;26.01.2026;;10000.00;PCE;9037053.00
Nidec Poland;503-660-99-99;1027700;CARBON BRUSH;02.02.2026;;30000.00;PCE;9067053.00
Nidec Poland;503-660-99-99;1027700;CARBON BRUSH;09.02.2026;;30000.00;PCE;9097053.00
Nidec Poland;503-660-99-99;1027700;CARBON BRUSH;16.02.2026;;20000.00;PCE;9117053.00
Nidec Poland;503-660-99-99;1027700;CARBON BRUSH;23.02.2026;;25000.00;PCE;9142053.00
Nidec Poland;503-660-99-99;1027700;CARBON BRUSH;02.03.2026;;25000.00;PCE;9167053.00
Nidec Poland;503-660-99-99;1027700;CARBON BRUSH;09.03.2026;;20000.00;PCE;9187053.00
Nidec Poland;503-660-99-99;1027700;CARBON BRUSH;16.03.2026;;25000.00;PCE;9212053.00
Nidec Poland;503-660-99-99;1027700;CARBON BRUSH;30.04.2025;;120660.00;PCE;8192053.00
Nidec Poland;503-660-99-99;1027700;CARBON BRUSH;23.03.2026;;15000.00;PCE;9227053.00
Nidec Poland;503-660-99-99;1027700;CARBON BRUSH;30.03.2026;;25000.00;PCE;9252053.00
Nidec Poland;503-660-99-99;1027700;CARBON BRUSH;07.04.2026;;25000.00;PCE;9277053.00
Nidec Poland;503-660-99-99;1027700;CARBON BRUSH;13.04.2026;;15000.00;PCE;9292053.00
Nidec Poland;503-660-99-99;1027700;CARBON BRUSH;20.04.2026;;25000.00;PCE;9317053.00
Nidec Poland;503-660-99-99;1027700;CARBON BRUSH;27.04.2026;;25000.00;PCE;9342053.00
Nidec Poland;503-660-99-99;1027700;CARBON BRUSH;04.05.2026;;25000.00;PCE;9367053.00
Nidec Poland;503-660-99-99;1027700;CARBON BRUSH;11.05.2026;;30000.00;PCE;9397053.00
Nidec Poland;503-660-99-99;1027700;CARBON BRUSH;18.05.2026;;10000.00;PCE;9407053.00
Nidec Poland;503-660-99-99;1027700;CARBON BRUSH;25.05.2026;;20000.00;PCE;9427053.00
Nidec Poland;503-660-99-99;1027700;CARBON BRUSH;01.06.2026;;15000.00;PCE;9442053.00
Nidec Poland;503-660-99-99;1027700;CARBON BRUSH;08.06.2026;;20000.00;PCE;9462053.00
Nidec Poland;503-660-99-99;1027700;CARBON BRUSH;15.06.2026;;25000.00;PCE;9487053.00
Nidec Poland;503-660-99-99;1027700;CARBON BRUSH;22.06.2026;;30000.00;PCE;9517053.00
Nidec Poland;503-660-99-99;1027700;CARBON BRUSH;29.06.2026;;30000.00;PCE;9547053.00
Nidec Poland;503-660-99-99;1027700;CARBON BRUSH;06.07.2026;;25000.00;PCE;9572053.00
Nidec Poland;503-660-99-99;1027700;CARBON BRUSH;13.07.2026;;30000.00;PCE;9602053.00
Nidec Poland;503-660-99-99;1027700;CARBON BRUSH;20.07.2026;;10000.00;PCE;9612053.00
Nidec Poland;503-660-99-99;1027700;CARBON BRUSH;27.07.2026;;10000.00;PCE;9622053.00
Nidec Poland;503-660-99-99;1027700;CARBON BRUSH;03.08.2026;;10000.00;PCE;9632053.00
Nidec Poland;503-660-99-99;1027700;CARBON BRUSH;10.08.2026;;10000.00;PCE;9642053.00
Nidec Poland;503-660-99-99;1027700;CARBON BRUSH;17.08.2026;;5000.00;PCE;9647053.00
Nidec Poland;503-660-99-99;1027700;CARBON BRUSH;12.10.2026;;5000.00;PCE;9652053.00
